50
448 3 6 1 0
39 6 14 3 0
47 2 23 2 0
190 2 43 1 0
270 5 55 2 0
198 4 62 2 0
406 8 76 0 0
31 9 78 0 0
226 5 94 3 0
179 1 95 2 0
107 6 143 3 0
97 6 156 3 0
56 9 170 1 0
315 7 170 1 0
279 8 171 3 0
2 1 173 1 0
110 8 185 0 0
88 9 187 1 0
166 4 194 0 0
238 1 223 0 0
18 8 224 3 0
278 1 227 1 0
404 5 233 1 0
268 6 241 2 0
19 7 258 2 0
318 1 267 3 0
213 1 267 3 0
271 1 287 3 0
479 8 300 4 0
346 1 301 1 0
331 2 366 3 0
269 9 367 2 0
189 3 379 1 0
29 2 379 1 0
353 1 384 3 0
289 9 396 0 0
497 4 399 2 0
330 1 401 3 0
349 1 406 4 0
7 1 409 2 0
485 6 413 0 0
471 2 414 3 0
173 8 418 4 0
1 1 437 0 0
64 9 440 4 0
425 2 457 4 0
252 6 463 3 0
147 8 464 1 0
383 8 487 0 0
402 9 490 4 0
